Months,Overall_Accural,Actual_Accural
Jan,32,32
Feb,41,9
Mar,54,13
Apr,66,12
May,78,12
Jun,108,30
July,120,12
Aug,144,24
Sep,185,41
Oct,230,45
Nov,273,43
Target,500,227
